1	1.0
2	0.999823458245
3	0.682536385775
4	0.490697807248
5	0.31700149022
6	0.251592770096
7	0.190852021663
8	0.156379647851
9	0.130962827576
10	0.115203879765
11	0.102700569607
12	0.0937696337797
13	0.0865989230953
14	0.081437672972
15	0.0767437392582
16	0.0727196257315
17	0.0690693653324
18	0.0661356567613
19	0.0632227178084
20	0.0607147864104
21	0.0584768600491
22	0.0563998982289
23	0.0543904376678
24	0.0526405973342
25	0.0510932607781
26	0.0495563090311
27	0.0481907066343
28	0.0468510662603
29	0.0456931600455
30	0.0446287171126
31	0.0435902362025
32	0.0425257932696
33	0.0415600060232
34	0.0405267175176
35	0.0396388163395
36	0.0388080316114
37	0.0379512848605
38	0.0371568469643
39	0.0364454875408
40	0.0357133584992
41	0.0349448826257
42	0.0343477561024
43	0.0335948574425
44	0.0329509992783
45	0.0323175259231
46	0.0317152069952
47	0.0311544273037
48	0.0306299944441
49	0.0300328679208
50	0.0296122831522
51	0.0290774654835
52	0.028620533883
53	0.0281791794962
54	0.0277741719413
55	0.0273432023636
56	0.0269381948086
57	0.0264501087809
58	0.0260710632487
59	0.0256712480983
60	0.0253648962298
61	0.0249443114612
62	0.0245964203563
63	0.0242848760833
64	0.0239837166193
65	0.0236825571554
66	0.0233606280733
67	0.0230802382275
68	0.0227894635727
69	0.0224831117042
70	0.0222131066676
71	0.0219119472036
72	0.0216211725488
73	0.0213667447258
74	0.0210500080482
75	0.0207955802252
76	0.0205203827841
77	0.0202867245793
78	0.0200738359927
79	0.0198557550016
80	0.0196636360332
81	0.0194040158057
82	0.0191963196237
83	0.0189678538234
84	0.018765350046
85	0.0185005374139
86	0.0182876488273
87	0.0180591830271
88	0.017851486845
89	0.0176385982585
90	0.0174776337174
91	0.0172647451308
92	0.0170674337579
93	0.0169064692168
94	0.0167299274621
95	0.0165845401347
96	0.0164443452118
97	0.016257418648
98	0.0160652996796
99	0.0159302971613
100	0.0158004870475
101	0.0156135604837
102	0.0154629807518
103	0.0153487478516
104	0.0152137453333
105	0.0151202820514
106	0.0149800871285
107	0.0147827757556
108	0.0146062340009
109	0.0144816162917
110	0.0142998821324
111	0.0141493024004
112	0.0140091074776
113	0.0138481429365
114	0.0137079480136
115	0.0136352543499
116	0.0134898670225
117	0.0133652493133
118	0.0132769784359
119	0.0131056290858
120	0.0129654341629
121	0.0128148544309
122	0.0127058139354
123	0.0125552342034
124	0.0124202316851
125	0.0122852291668
126	0.0121658038621
127	0.0120827253893
128	0.0119217608482
129	0.011797143139
130	0.0116881026435
131	0.0115738697433
132	0.0114648292478
133	0.0113454039431
134	0.0112467482567
135	0.0111480925702
136	0.0110442444792
137	0.0109300115791
138	0.0108313558926
139	0.0107015457788
140	0.0106236597106
141	0.0105509660469
142	0.0104886571923
143	0.010410771124
144	0.0102705762011
145	0.0101926901329
146	0.0100940344464
147	0.0100109559736
148	0.0099590319281
149	0.00990191547804
150	0.00981883700523
151	0.00975652815062
152	0.00965787246416
153	0.00958517880045
154	0.00950729273219
155	0.00939825223663
156	0.00932036616837
157	0.00923728769556
158	0.0091490168182
159	0.00907113074994
160	0.00900362949078
161	0.00894132063617
162	0.00885824216336
163	0.00877516369055
164	0.00869727762229
165	0.00861419914948
166	0.00857785231763
167	0.00852073586757
168	0.00843765739476
169	0.00838054094471
170	0.0083390017083
171	0.00826111564004
172	0.00819361438088
173	0.00814169033538
174	0.00806380426712
175	0.00801707262616
176	0.0079391865579
177	0.00788207010785
178	0.00783014606234
179	0.00777822201683
180	0.00770552835313
181	0.00767437392582
182	0.00761206507121
183	0.00758091064391
184	0.00752379419385
185	0.00748225495745
186	0.00743552331649
187	0.00739398408009
188	0.00732129041638
189	0.00723301953902
190	0.00719667270716
191	0.00713955625711
192	0.0071084018298
193	0.00703570816609
194	0.00698897652514
195	0.00695262969328
196	0.00689551324323
197	0.00684358919772
198	0.00678647274766
199	0.00673974110671
200	0.006667047443
201	0.0066358930157
202	0.00658916137474
203	0.00653204492468
204	0.00646973607008
205	0.00644377404732
206	0.00640742721547
207	0.00635031076541
208	0.0062880019108
209	0.00627242469715
210	0.00618934622434
211	0.00612184496518
212	0.00609069053788
213	0.00604915130148
214	0.00600761206507
215	0.00596088042412
216	0.00591414878316
217	0.00587260954676
218	0.00582068550125
219	0.00577395386029
220	0.00572202981479
221	0.00569087538748
222	0.00568568298293
223	0.00563375893743
224	0.00558702729647
225	0.00554029565552
226	0.00551433363276
227	0.00545721718271
228	0.00542087035085
229	0.00537933111445
230	0.00533259947349
231	0.00529106023709
232	0.00524432859613
233	0.00518721214607
234	0.00518201974152
235	0.00513528810057
236	0.00511451848236
237	0.00507297924596
238	0.0050366324141
239	0.00501067039135
240	0.00495355394129
241	0.00492239951399
242	0.00488086027759
243	0.00485489825483
244	0.00483412863663
245	0.00479778180478
246	0.00477701218657
247	0.00474585775927
248	0.00469912611831
249	0.00467316409556
250	0.00463162485916
251	0.00460047043185
252	0.00456931600455
253	0.00453296917269
254	0.00450181474539
255	0.00444989069988
256	0.00442912108168
257	0.00439277424983
258	0.00438238944073
259	0.00438238944073
260	0.00435123501342
261	0.00432527299067
262	0.00429411856337
263	0.00427854134971
264	0.00423700211331
265	0.0041954628769
266	0.0041746932587
267	0.00413834642685
268	0.00411238440409
269	0.00408642238134
270	0.00406565276314
271	0.00404488314494
272	0.00400334390853
273	0.00396699707668
274	0.00394622745847
275	0.00392545784027
276	0.00387872619932
277	0.00385795658111
278	0.00383199455836
279	0.00381641734471
280	0.0037852629174
281	0.0037644932992
282	0.0037644932992
283	0.0037229540628
284	0.00370737684915
285	0.00368660723094
286	0.00364506799454
287	0.00362949078089
288	0.00360352875813
289	0.00357237433083
290	0.00356718192628
291	0.00355160471263
292	0.00354121990353
293	0.00353083509442
294	0.00352564268987
295	0.00348410345347
296	0.00347891104892
297	0.00346852623982
298	0.00343737181251
299	0.00341660219431
300	0.00339583257611
301	0.00336987055335
302	0.00332833131695
303	0.00330756169875
304	0.00327640727144
305	0.00324525284414
306	0.00322448322594
307	0.00320371360773
308	0.00319332879863
309	0.00317255918043
310	0.00316736677588
311	0.00313621234858
312	0.00310505792127
313	0.00309467311217
314	0.00308428830307
315	0.00304794147122
316	0.00302197944846
317	0.00299601742571
318	0.00298044021206
319	0.00295967059386
320	0.0029337085711
321	0.00291813135745
322	0.00289736173925
323	0.0028817845256
324	0.0028817845256
325	0.00286101490739
326	0.00284543769374
327	0.00282466807554
328	0.00280389845734
329	0.00279870605279
330	0.00275716681638
331	0.00275716681638
332	0.00274678200728
333	0.00272601238908
334	0.00268966555722
335	0.00268447315267
336	0.00268447315267
337	0.00265331872537
338	0.00262735670262
339	0.00260658708441
340	0.00260139467986
341	0.00257024025256
342	0.00256504784801
343	0.00254427822981
344	0.0025235086116
345	0.0025131238025
346	0.00250793139795
347	0.00248716177975
348	0.00246639216155
349	0.00245600735244
350	0.00244043013879
351	0.00243004532969
352	0.00241446811604
353	0.00239889090239
354	0.00238850609329
355	0.00237812128419
356	0.00237292887963
357	0.00235735166598
358	0.00234696685688
359	0.00232100483413
360	0.00231062002503
361	0.00230023521593
362	0.00228985040682
363	0.00228465800227
364	0.00224831117042
365	0.00222234914767
366	0.00221715674312
367	0.00220677193401
368	0.00219638712491
369	0.00218080991126
370	0.00217042510216
371	0.00215484788851
372	0.00214446307941
373	0.00212888586576
374	0.0021236934612
375	0.0021236934612
376	0.00211850105665
377	0.002102923843
378	0.00209773143845
379	0.0020925390339
380	0.0020821542248
381	0.0020717694157
382	0.0020613846066
383	0.0020613846066
384	0.0020509997975
385	0.00204061498839
386	0.00203023017929
387	0.00201465296564
388	0.00199907575199
389	0.00199907575199
390	0.00198349853834
391	0.00198349853834
392	0.00197311372924
393	0.00196792132469
394	0.00194715170648
395	0.00194715170648
396	0.00193157449283
397	0.00191599727918
398	0.00188484285188
399	0.00186407323367
400	0.00183811121092
401	0.00182253399727
402	0.00181734159272
403	0.00180695678362
404	0.00179657197452
405	0.00178618716541
406	0.00178618716541
407	0.00176541754721
408	0.00175503273811
409	0.00175503273811
410	0.00175503273811
411	0.00174464792901
412	0.00173945552446
413	0.00173426311991
414	0.00173426311991
415	0.00172387831081
416	0.00171868590626
417	0.00169791628805
418	0.00169791628805
419	0.0016823390744
420	0.00166676186075
421	0.0016511846471
422	0.00164599224255
423	0.001640799838
424	0.00163560743345
425	0.00163560743345
426	0.00163560743345
427	0.00163560743345
428	0.00162522262435
429	0.00162003021979
430	0.00161483781524
431	0.00161483781524
432	0.00160445300614
433	0.00160445300614
434	0.00158887579249
435	0.00157849098339
436	0.00156810617429
437	0.00154733655609
438	0.00153175934243
439	0.00152656693788
440	0.00152137453333
441	0.00151618212878
442	0.00151098972423
443	0.00149541251058
444	0.00149541251058
445	0.00149022010603
446	0.00147983529693
447	0.00146945048783
448	0.00145387327417
449	0.00144348846507
450	0.00142791125142
451	0.00142271884687
452	0.00141752644232
453	0.00141233403777
454	0.00139675682412
455	0.00139156441957
456	0.00136560239681
457	0.00135521758771
458	0.00133964037406
459	0.00131887075586
460	0.00131367835131
461	0.00130848594676
462	0.00129290873311
463	0.001282523924
464	0.001282523924
465	0.00126694671035
466	0.00125656190125
467	0.00125656190125
468	0.00125656190125
469	0.00123579228305
470	0.00123579228305
471	0.0012202150694
472	0.00121502266485
473	0.0012098302603
474	0.00119425304664
475	0.00117867583299
476	0.00117867583299
477	0.00117867583299
478	0.00117348342844
479	0.00116829102389
480	0.00116309861934
481	0.00115790621479
482	0.00114232900114
483	0.00114232900114
484	0.00112675178749
485	0.00112675178749
486	0.00112675178749
487	0.00112155938293
488	0.00110598216928
489	0.00110078976473
490	0.00108521255108
491	0.00108521255108
492	0.00108002014653
493	0.00106444293288
494	0.00105925052833
495	0.00105925052833
496	0.00104886571923
497	0.00104367331468
498	0.00103848091012
499	0.00102290369647
500	0.00102290369647
501	0.00102290369647
502	0.00101771129192
503	0.00101251888737
504	0.00101251888737
505	0.00100732648282
506	0.00099694167372
507	0.00099694167372
508	0.00099694167372
509	0.000991749269169
510	0.000986556864618
511	0.000986556864618
512	0.000986556864618
513	0.000986556864618
514	0.000986556864618
515	0.000976172055517
516	0.000970979650967
517	0.000970979650967
518	0.000970979650967
519	0.000970979650967
520	0.000970979650967
521	0.000970979650967
522	0.000965787246416
523	0.000960594841865
524	0.000960594841865
525	0.000960594841865
526	0.000950210032764
527	0.000950210032764
528	0.000934632819112
529	0.000934632819112
530	0.000934632819112
531	0.00091905560546
532	0.00091905560546
533	0.00091386320091
534	0.000908670796359
535	0.000903478391808
536	0.000903478391808
537	0.000887901178157
538	0.000887901178157
539	0.000887901178157
540	0.000882708773606
541	0.000867131559954
542	0.000861939155403
543	0.000861939155403
544	0.000856746750853
545	0.000856746750853
546	0.000856746750853
547	0.000846361941752
548	0.000841169537201
549	0.000841169537201
550	0.00083597713265
551	0.000825592323549
552	0.000815207514448
553	0.000810015109897
554	0.000810015109897
555	0.000804822705347
556	0.000804822705347
557	0.000799630300796
558	0.000784053087144
559	0.000778860682594
560	0.000778860682594
561	0.000778860682594
562	0.000778860682594
563	0.000768475873492
564	0.000768475873492
565	0.000768475873492
566	0.000768475873492
567	0.000768475873492
568	0.000768475873492
569	0.000763283468942
570	0.000758091064391
571	0.00075289865984
572	0.000737321446189
573	0.000732129041638
574	0.000732129041638
575	0.000726936637087
576	0.000726936637087
577	0.000726936637087
578	0.000726936637087
579	0.000726936637087
580	0.000726936637087
581	0.000721744232537
582	0.000716551827986
583	0.000716551827986
584	0.000716551827986
585	0.000716551827986
586	0.000706167018885
587	0.000690589805233
588	0.000690589805233
589	0.000685397400682
590	0.000675012591581
591	0.00066982018703
592	0.00066982018703
593	0.00066982018703
594	0.000659435377929
595	0.000654242973379
596	0.000654242973379
597	0.000649050568828
598	0.000643858164277
599	0.000638665759727
600	0.000638665759727
601	0.000633473355176
602	0.000633473355176
603	0.000628280950625
604	0.000628280950625
605	0.000628280950625
606	0.000628280950625
607	0.000623088546075
608	0.000623088546075
609	0.000623088546075
610	0.000623088546075
611	0.000623088546075
612	0.000617896141524
613	0.000617896141524
614	0.000617896141524
615	0.000612703736974
616	0.000612703736974
617	0.000612703736974
618	0.000602318927872
619	0.000602318927872
620	0.000597126523322
621	0.000597126523322
622	0.000597126523322
623	0.000591934118771
624	0.00058674171422
625	0.00058154930967
626	0.00058154930967
627	0.00058154930967
628	0.000576356905119
629	0.000576356905119
630	0.000576356905119
631	0.000576356905119
632	0.000571164500569
633	0.000571164500569
634	0.000571164500569
635	0.000555587286917
636	0.000555587286917
637	0.000550394882366
638	0.000550394882366
639	0.000545202477815
640	0.000545202477815
641	0.000534817668714
642	0.000534817668714
643	0.000534817668714
644	0.000534817668714
645	0.000534817668714
646	0.000529625264164
647	0.000519240455062
648	0.000508855645961
649	0.000508855645961
650	0.000508855645961
651	0.000508855645961
652	0.000508855645961
653	0.00050366324141
654	0.00050366324141
655	0.00049847083686
656	0.000493278432309
657	0.000493278432309
658	0.000493278432309
659	0.000493278432309
660	0.000488086027759
661	0.000482893623208
662	0.000482893623208
663	0.000482893623208
664	0.000482893623208
665	0.000477701218657
666	0.000472508814107
667	0.000472508814107
668	0.000472508814107
669	0.000467316409556
670	0.000462124005005
671	0.000462124005005
672	0.000462124005005
673	0.000462124005005
674	0.000462124005005
675	0.000462124005005
676	0.000462124005005
677	0.000462124005005
678	0.000451739195904
679	0.000451739195904
680	0.000451739195904
681	0.000446546791354
682	0.000441354386803
683	0.000441354386803
684	0.000430969577702
685	0.000430969577702
686	0.000430969577702
687	0.000430969577702
688	0.000430969577702
689	0.000430969577702
690	0.000430969577702
691	0.000430969577702
692	0.000430969577702
693	0.000430969577702
694	0.000430969577702
695	0.000430969577702
696	0.000430969577702
697	0.000430969577702
698	0.000430969577702
699	0.000430969577702
700	0.000425777173151
701	0.000425777173151
702	0.000425777173151
703	0.000425777173151
704	0.000425777173151
705	0.000425777173151
706	0.0004205847686
707	0.00041539236405
708	0.00041539236405
709	0.00041539236405
710	0.00041539236405
711	0.000410199959499
712	0.000410199959499
713	0.000405007554949
714	0.000405007554949
715	0.000405007554949
716	0.000405007554949
717	0.000405007554949
718	0.000405007554949
719	0.000405007554949
720	0.000405007554949
721	0.000399815150398
722	0.000399815150398
723	0.000399815150398
724	0.000399815150398
725	0.000399815150398
726	0.000399815150398
727	0.000399815150398
728	0.000394622745847
729	0.000394622745847
730	0.000394622745847
731	0.000394622745847
732	0.000394622745847
733	0.000394622745847
734	0.000394622745847
735	0.000394622745847
736	0.000389430341297
737	0.000384237936746
738	0.000384237936746
739	0.000384237936746
740	0.000384237936746
741	0.000384237936746
742	0.000384237936746
743	0.000379045532196
744	0.000379045532196
745	0.000379045532196
746	0.000379045532196
747	0.000373853127645
748	0.000373853127645
749	0.000373853127645
750	0.000373853127645
751	0.000368660723094
752	0.000368660723094
753	0.000363468318544
754	0.000358275913993
755	0.000358275913993
756	0.000353083509442
757	0.000347891104892
758	0.000347891104892
759	0.000342698700341
760	0.000337506295791
761	0.00033231389124
762	0.00033231389124
763	0.00033231389124
764	0.00033231389124
765	0.000327121486689
766	0.000327121486689
767	0.000327121486689
768	0.000321929082139
769	0.000321929082139
770	0.000316736677588
771	0.000311544273037
772	0.000311544273037
773	0.000311544273037
774	0.000306351868487
775	0.000306351868487
776	0.000306351868487
777	0.000306351868487
778	0.000306351868487
779	0.000306351868487
780	0.000306351868487
781	0.000306351868487
782	0.000306351868487
783	0.000306351868487
784	0.000306351868487
785	0.000306351868487
786	0.000306351868487
787	0.000306351868487
788	0.000306351868487
789	0.000306351868487
790	0.000306351868487
791	0.000306351868487
792	0.000306351868487
793	0.000306351868487
794	0.000301159463936
795	0.000301159463936
796	0.000301159463936
797	0.000301159463936
798	0.000295967059386
799	0.000295967059386
800	0.000295967059386
801	0.000295967059386
802	0.000295967059386
803	0.000295967059386
804	0.000290774654835
805	0.000290774654835
806	0.000285582250284
807	0.000285582250284
808	0.000280389845734
809	0.000280389845734
810	0.000280389845734
811	0.000275197441183
812	0.000275197441183
813	0.000275197441183
814	0.000275197441183
815	0.000275197441183
816	0.000275197441183
817	0.000275197441183
818	0.000275197441183
819	0.000275197441183
820	0.000275197441183
821	0.000270005036632
822	0.000270005036632
823	0.000270005036632
824	0.000270005036632
825	0.000270005036632
826	0.000270005036632
827	0.000270005036632
828	0.000270005036632
829	0.000270005036632
830	0.000270005036632
831	0.000270005036632
832	0.000264812632082
833	0.000264812632082
834	0.000264812632082
835	0.000259620227531
836	0.000259620227531
837	0.000259620227531
838	0.000259620227531
839	0.000259620227531
840	0.000259620227531
841	0.000259620227531
842	0.000259620227531
843	0.000259620227531
844	0.000259620227531
845	0.000259620227531
846	0.000259620227531
847	0.000259620227531
848	0.000259620227531
849	0.000259620227531
850	0.000259620227531
851	0.000259620227531
852	0.000259620227531
853	0.000259620227531
854	0.000254427822981
855	0.000254427822981
856	0.000254427822981
857	0.000254427822981
858	0.000254427822981
859	0.000254427822981
860	0.000254427822981
861	0.000254427822981
862	0.00024923541843
863	0.00024923541843
864	0.00024923541843
865	0.00024923541843
866	0.000244043013879
867	0.000238850609329
868	0.000238850609329
869	0.000238850609329
870	0.000238850609329
871	0.000238850609329
872	0.000238850609329
873	0.000238850609329
874	0.000238850609329
875	0.000238850609329
876	0.000238850609329
877	0.000238850609329
878	0.000238850609329
879	0.000238850609329
880	0.000238850609329
881	0.000238850609329
882	0.000238850609329
883	0.000238850609329
884	0.000238850609329
885	0.000238850609329
886	0.000238850609329
887	0.000238850609329
888	0.000238850609329
889	0.000238850609329
890	0.000233658204778
891	0.000228465800227
892	0.000228465800227
893	0.000228465800227
894	0.000228465800227
895	0.000228465800227
896	0.000228465800227
897	0.000228465800227
898	0.000228465800227
899	0.000228465800227
900	0.000228465800227
901	0.000228465800227
902	0.000228465800227
903	0.000228465800227
904	0.000228465800227
905	0.000228465800227
906	0.000228465800227
907	0.000228465800227
908	0.000228465800227
909	0.000228465800227
910	0.000223273395677
911	0.000223273395677
912	0.000223273395677
913	0.000223273395677
914	0.000218080991126
915	0.000218080991126
916	0.000218080991126
917	0.000218080991126
918	0.000218080991126
919	0.000218080991126
920	0.000218080991126
921	0.000218080991126
922	0.000212888586576
923	0.000207696182025
924	0.000207696182025
925	0.000207696182025
926	0.000207696182025
927	0.000207696182025
928	0.000207696182025
929	0.000207696182025
930	0.000207696182025
931	0.000207696182025
932	0.000207696182025
933	0.000207696182025
934	0.000207696182025
935	0.000207696182025
936	0.000207696182025
937	0.000207696182025
938	0.000202503777474
939	0.000202503777474
940	0.000202503777474
941	0.000202503777474
942	0.000202503777474
943	0.000202503777474
944	0.000202503777474
945	0.000202503777474
946	0.000197311372924
947	0.000197311372924
948	0.000197311372924
949	0.000192118968373
950	0.000192118968373
951	0.000192118968373
952	0.000192118968373
953	0.000192118968373
954	0.000192118968373
955	0.000192118968373
956	0.000192118968373
957	0.000192118968373
958	0.000192118968373
959	0.000186926563822
960	0.000186926563822
961	0.000186926563822
962	0.000186926563822
963	0.000181734159272
964	0.000181734159272
965	0.000181734159272
966	0.000181734159272
967	0.000181734159272
968	0.000181734159272
969	0.000181734159272
970	0.000181734159272
971	0.000181734159272
972	0.000181734159272
973	0.000181734159272
974	0.000181734159272
975	0.000181734159272
976	0.000181734159272
977	0.000181734159272
978	0.000181734159272
979	0.000181734159272
980	0.000181734159272
981	0.000176541754721
982	0.000176541754721
983	0.000176541754721
984	0.000176541754721
985	0.000176541754721
986	0.000171349350171
987	0.00016615694562
988	0.00016615694562
989	0.00016615694562
990	0.00016615694562
991	0.00016615694562
992	0.00016615694562
993	0.00016615694562
994	0.00016615694562
995	0.00016615694562
996	0.00016615694562
997	0.00016615694562
998	0.00016615694562
999	0.00016615694562
1000	0.00016615694562
1001	0.00016615694562
1002	0.00016615694562
1003	0.00016615694562
1004	0.000160964541069
1005	0.000160964541069
1006	0.000160964541069
1007	0.000160964541069
1008	0.000155772136519
1009	0.000155772136519
1010	0.000155772136519
1011	0.000155772136519
1012	0.000155772136519
1013	0.000155772136519
1014	0.000155772136519
1015	0.000155772136519
1016	0.000155772136519
1017	0.000155772136519
1018	0.000155772136519
1019	0.000155772136519
1020	0.000155772136519
1021	0.000155772136519
1022	0.000155772136519
1023	0.000150579731968
1024	0.000150579731968
1025	0.000150579731968
1026	0.000150579731968
1027	0.000150579731968
1028	0.000150579731968
1029	0.000150579731968
1030	0.000150579731968
1031	0.000150579731968
1032	0.000150579731968
1033	0.000150579731968
1034	0.000150579731968
1035	0.000150579731968
1036	0.000150579731968
1037	0.000150579731968
1038	0.000150579731968
1039	0.000150579731968
1040	0.000150579731968
1041	0.000150579731968
1042	0.000150579731968
1043	0.000150579731968
1044	0.000150579731968
1045	0.000150579731968
1046	0.000150579731968
1047	0.000150579731968
1048	0.000150579731968
1049	0.000150579731968
1050	0.000150579731968
1051	0.000150579731968
1052	0.000150579731968
1053	0.000150579731968
1054	0.000150579731968
1055	0.000145387327417
1056	0.000145387327417
1057	0.000145387327417
1058	0.000145387327417
1059	0.000145387327417
1060	0.000145387327417
1061	0.000140194922867
1062	0.000140194922867
1063	0.000135002518316
1064	0.000135002518316
1065	0.000135002518316
1066	0.000135002518316
1067	0.000135002518316
1068	0.000135002518316
1069	0.000135002518316
1070	0.000135002518316
1071	0.000135002518316
1072	0.000135002518316
1073	0.000135002518316
1074	0.000135002518316
1075	0.000135002518316
1076	0.000135002518316
1077	0.000135002518316
1078	0.000135002518316
1079	0.000135002518316
1080	0.000135002518316
1081	0.000135002518316
1082	0.000135002518316
1083	0.000135002518316
1084	0.000135002518316
1085	0.000135002518316
1086	0.000135002518316
1087	0.000135002518316
1088	0.000135002518316
1089	0.000135002518316
1090	0.000135002518316
1091	0.000135002518316
1092	0.000135002518316
1093	0.000135002518316
1094	0.000135002518316
1095	0.000135002518316
1096	0.000135002518316
1097	0.000135002518316
1098	0.000135002518316
1099	0.000135002518316
1100	0.000135002518316
1101	0.000135002518316
1102	0.000135002518316
1103	0.000135002518316
1104	0.000135002518316
1105	0.000135002518316
1106	0.000135002518316
1107	0.000135002518316
1108	0.000135002518316
1109	0.000135002518316
1110	0.000135002518316
1111	0.000135002518316
1112	0.000135002518316
1113	0.000135002518316
1114	0.000135002518316
1115	0.000135002518316
1116	0.000135002518316
1117	0.000135002518316
1118	0.000135002518316
1119	0.000135002518316
1120	0.000135002518316
1121	0.000135002518316
1122	0.000135002518316
1123	0.000135002518316
1124	0.000135002518316
1125	0.000135002518316
1126	0.000135002518316
1127	0.000135002518316
1128	0.000135002518316
1129	0.000135002518316
1130	0.000135002518316
1131	0.000135002518316
1132	0.000135002518316
1133	0.000135002518316
1134	0.000135002518316
1135	0.000135002518316
1136	0.000135002518316
1137	0.000135002518316
1138	0.000135002518316
1139	0.000135002518316
1140	0.000135002518316
1141	0.000135002518316
1142	0.000135002518316
1143	0.000135002518316
1144	0.000135002518316
1145	0.000135002518316
1146	0.000135002518316
1147	0.000135002518316
1148	0.000129810113766
1149	0.000129810113766
1150	0.000129810113766
1151	0.000124617709215
1152	0.000124617709215
1153	0.000124617709215
1154	0.000119425304664
1155	0.000119425304664
1156	0.000119425304664
1157	0.000119425304664
1158	0.000119425304664
1159	0.000119425304664
1160	0.000119425304664
1161	0.000119425304664
1162	0.000119425304664
1163	0.000119425304664
1164	0.000119425304664
1165	0.000119425304664
1166	0.000119425304664
1167	0.000119425304664
1168	0.000119425304664
1169	0.000119425304664
1170	0.000119425304664
1171	0.000119425304664
1172	0.000119425304664
1173	0.000119425304664
1174	0.000119425304664
1175	0.000119425304664
1176	0.000119425304664
1177	0.000119425304664
1178	0.000119425304664
1179	0.000119425304664
1180	0.000119425304664
1181	0.000119425304664
1182	0.000119425304664
1183	0.000119425304664
1184	0.000119425304664
1185	0.000119425304664
1186	0.000119425304664
1187	0.000119425304664
1188	0.000119425304664
1189	0.000119425304664
1190	0.000119425304664
1191	0.000119425304664
1192	0.000119425304664
1193	0.000119425304664
1194	0.000119425304664
1195	0.000119425304664
1196	0.000119425304664
1197	0.000119425304664
1198	0.000119425304664
1199	0.000119425304664
1200	0.000119425304664
1201	0.000119425304664
1202	0.000119425304664
1203	0.000119425304664
1204	0.000119425304664
1205	0.000119425304664
1206	0.000119425304664
1207	0.000119425304664
1208	0.000119425304664
1209	0.000119425304664
1210	0.000119425304664
1211	0.000119425304664
1212	0.000119425304664
1213	0.000119425304664
1214	0.000119425304664
1215	0.000119425304664
1216	0.000119425304664
1217	0.000109040495563
1218	0.000109040495563
1219	0.000109040495563
1220	0.000109040495563
1221	0.000109040495563
1222	0.000109040495563
1223	0.000109040495563
1224	0.000109040495563
1225	0.000109040495563
1226	0.000109040495563
1227	0.000109040495563
1228	0.000109040495563
1229	0.000109040495563
1230	0.000109040495563
1231	0.000109040495563
1232	0.000109040495563
1233	0.000109040495563
1234	0.000109040495563
1235	0.000109040495563
1236	0.000109040495563
1237	0.000109040495563
1238	0.000109040495563
1239	0.000109040495563
1240	0.000109040495563
1241	0.000109040495563
1242	0.000109040495563
1243	0.000109040495563
1244	0.000109040495563
1245	0.000109040495563
1246	0.000109040495563
1247	0.000109040495563
1248	0.000109040495563
1249	0.000109040495563
1250	0.000109040495563
1251	0.000109040495563
1252	0.000109040495563
1253	0.000103848091012
1254	0.000103848091012
1255	0.000103848091012
1256	0.000103848091012
1257	0.000103848091012
1258	0.000103848091012
1259	0.000103848091012
1260	9.86556864618e-05
1261	9.34632819112e-05
1262	9.34632819112e-05
1263	9.34632819112e-05
1264	9.34632819112e-05
1265	9.34632819112e-05
1266	9.34632819112e-05
1267	9.34632819112e-05
1268	9.34632819112e-05
1269	9.34632819112e-05
1270	9.34632819112e-05
1271	9.34632819112e-05
1272	9.34632819112e-05
1273	9.34632819112e-05
1274	9.34632819112e-05
1275	9.34632819112e-05
1276	9.34632819112e-05
1277	9.34632819112e-05
1278	9.34632819112e-05
1279	9.34632819112e-05
1280	9.34632819112e-05
1281	9.34632819112e-05
1282	9.34632819112e-05
1283	8.82708773606e-05
1284	8.82708773606e-05
1285	8.82708773606e-05
1286	8.82708773606e-05
1287	8.82708773606e-05
1288	8.82708773606e-05
1289	8.82708773606e-05
1290	8.82708773606e-05
1291	8.82708773606e-05
1292	8.82708773606e-05
1293	8.82708773606e-05
1294	8.82708773606e-05
1295	8.82708773606e-05
1296	8.82708773606e-05
1297	8.82708773606e-05
1298	8.82708773606e-05
1299	8.82708773606e-05
1300	8.82708773606e-05
1301	8.82708773606e-05
1302	8.82708773606e-05
1303	8.82708773606e-05
1304	8.82708773606e-05
1305	8.82708773606e-05
1306	8.82708773606e-05
1307	8.82708773606e-05
1308	8.82708773606e-05
1309	8.82708773606e-05
1310	8.82708773606e-05
1311	8.82708773606e-05
1312	8.82708773606e-05
1313	8.82708773606e-05
1314	8.82708773606e-05
1315	8.82708773606e-05
1316	8.82708773606e-05
1317	8.82708773606e-05
1318	8.82708773606e-05
1319	8.82708773606e-05
1320	8.82708773606e-05
1321	8.82708773606e-05
1322	8.82708773606e-05
1323	8.82708773606e-05
1324	8.82708773606e-05
1325	8.82708773606e-05
1326	8.82708773606e-05
1327	8.82708773606e-05
1328	8.82708773606e-05
1329	8.82708773606e-05
1330	8.82708773606e-05
1331	8.82708773606e-05
1332	8.82708773606e-05
1333	8.82708773606e-05
1334	8.82708773606e-05
1335	8.82708773606e-05
1336	8.82708773606e-05
1337	8.82708773606e-05
1338	8.82708773606e-05
1339	8.307847281e-05
1340	8.307847281e-05
1341	8.307847281e-05
1342	7.78860682594e-05
1343	7.78860682594e-05
1344	7.78860682594e-05
1345	7.78860682594e-05
1346	7.78860682594e-05
1347	7.78860682594e-05
1348	7.78860682594e-05
1349	7.78860682594e-05
1350	7.78860682594e-05
1351	7.78860682594e-05
1352	7.78860682594e-05
1353	7.78860682594e-05
1354	7.78860682594e-05
1355	7.78860682594e-05
1356	7.78860682594e-05
1357	7.78860682594e-05
1358	7.78860682594e-05
1359	7.78860682594e-05
1360	7.78860682594e-05
1361	7.78860682594e-05
1362	7.78860682594e-05
1363	7.78860682594e-05
1364	7.78860682594e-05
1365	7.78860682594e-05
1366	7.78860682594e-05
1367	7.78860682594e-05
1368	7.78860682594e-05
1369	7.78860682594e-05
1370	7.78860682594e-05
1371	7.78860682594e-05
1372	7.78860682594e-05
1373	7.26936637087e-05
1374	7.26936637087e-05
1375	7.26936637087e-05
1376	7.26936637087e-05
1377	7.26936637087e-05
1378	7.26936637087e-05
1379	7.26936637087e-05
1380	7.26936637087e-05
1381	7.26936637087e-05
1382	7.26936637087e-05
1383	7.26936637087e-05
1384	7.26936637087e-05
1385	7.26936637087e-05
1386	7.26936637087e-05
1387	7.26936637087e-05
1388	7.26936637087e-05
1389	7.26936637087e-05
1390	7.26936637087e-05
1391	7.26936637087e-05
1392	7.26936637087e-05
1393	7.26936637087e-05
1394	7.26936637087e-05
1395	7.26936637087e-05
1396	7.26936637087e-05
1397	6.75012591581e-05
1398	6.75012591581e-05
1399	6.75012591581e-05
1400	6.75012591581e-05
1401	6.75012591581e-05
1402	6.75012591581e-05
1403	6.75012591581e-05
1404	6.75012591581e-05
1405	6.75012591581e-05
1406	6.75012591581e-05
1407	6.75012591581e-05
1408	6.75012591581e-05
1409	6.23088546075e-05
1410	6.23088546075e-05
1411	6.23088546075e-05
1412	6.23088546075e-05
1413	6.23088546075e-05
1414	6.23088546075e-05
1415	6.23088546075e-05
1416	6.23088546075e-05
1417	6.23088546075e-05
1418	6.23088546075e-05
1419	6.23088546075e-05
1420	6.23088546075e-05
1421	6.23088546075e-05
1422	6.23088546075e-05
1423	6.23088546075e-05
1424	6.23088546075e-05
1425	6.23088546075e-05
1426	6.23088546075e-05
1427	6.23088546075e-05
1428	6.23088546075e-05
1429	6.23088546075e-05
1430	6.23088546075e-05
1431	6.23088546075e-05
1432	6.23088546075e-05
1433	6.23088546075e-05
1434	6.23088546075e-05
1435	6.23088546075e-05
1436	5.71164500569e-05
1437	5.71164500569e-05
1438	5.71164500569e-05
1439	5.71164500569e-05
1440	5.71164500569e-05
1441	5.71164500569e-05
1442	5.71164500569e-05
1443	5.71164500569e-05
1444	5.71164500569e-05
1445	5.71164500569e-05
1446	5.71164500569e-05
1447	5.71164500569e-05
1448	5.71164500569e-05
1449	5.71164500569e-05
1450	5.71164500569e-05
1451	5.71164500569e-05
1452	5.71164500569e-05
1453	5.71164500569e-05
1454	5.71164500569e-05
1455	5.71164500569e-05
1456	5.71164500569e-05
1457	5.71164500569e-05
1458	5.71164500569e-05
1459	5.71164500569e-05
1460	5.71164500569e-05
1461	5.71164500569e-05
1462	5.71164500569e-05
1463	5.71164500569e-05
1464	5.19240455062e-05
1465	5.19240455062e-05
1466	5.19240455062e-05
1467	5.19240455062e-05
1468	5.19240455062e-05
1469	5.19240455062e-05
1470	5.19240455062e-05
1471	5.19240455062e-05
1472	5.19240455062e-05
1473	5.19240455062e-05
1474	5.19240455062e-05
1475	5.19240455062e-05
1476	5.19240455062e-05
1477	5.19240455062e-05
1478	5.19240455062e-05
1479	5.19240455062e-05
1480	5.19240455062e-05
1481	5.19240455062e-05
1482	5.19240455062e-05
1483	5.19240455062e-05
1484	5.19240455062e-05
1485	5.19240455062e-05
1486	5.19240455062e-05
1487	5.19240455062e-05
1488	5.19240455062e-05
1489	5.19240455062e-05
1490	5.19240455062e-05
1491	5.19240455062e-05
1492	5.19240455062e-05
1493	5.19240455062e-05
1494	5.19240455062e-05
1495	5.19240455062e-05
1496	5.19240455062e-05
1497	5.19240455062e-05
1498	5.19240455062e-05
1499	5.19240455062e-05
1500	5.19240455062e-05
1501	5.19240455062e-05
1502	5.19240455062e-05
1503	5.19240455062e-05
1504	5.19240455062e-05
1505	5.19240455062e-05
1506	5.19240455062e-05
1507	5.19240455062e-05
1508	5.19240455062e-05
1509	5.19240455062e-05
1510	5.19240455062e-05
1511	5.19240455062e-05
1512	5.19240455062e-05
1513	5.19240455062e-05
1514	5.19240455062e-05
1515	5.19240455062e-05
1516	5.19240455062e-05
1517	5.19240455062e-05
1518	5.19240455062e-05
1519	5.19240455062e-05
1520	5.19240455062e-05
1521	5.19240455062e-05
1522	5.19240455062e-05
1523	5.19240455062e-05
1524	5.19240455062e-05
1525	5.19240455062e-05
1526	5.19240455062e-05
1527	5.19240455062e-05
1528	5.19240455062e-05
1529	5.19240455062e-05
1530	5.19240455062e-05
1531	5.19240455062e-05
1532	5.19240455062e-05
1533	5.19240455062e-05
1534	5.19240455062e-05
1535	5.19240455062e-05
1536	5.19240455062e-05
1537	5.19240455062e-05
1538	5.19240455062e-05
1539	5.19240455062e-05
1540	5.19240455062e-05
1541	5.19240455062e-05
1542	5.19240455062e-05
1543	5.19240455062e-05
1544	5.19240455062e-05
1545	5.19240455062e-05
1546	5.19240455062e-05
1547	5.19240455062e-05
1548	5.19240455062e-05
1549	5.19240455062e-05
1550	5.19240455062e-05
1551	5.19240455062e-05
1552	5.19240455062e-05
1553	5.19240455062e-05
1554	5.19240455062e-05
1555	5.19240455062e-05
1556	5.19240455062e-05
1557	5.19240455062e-05
1558	5.19240455062e-05
1559	5.19240455062e-05
1560	5.19240455062e-05
1561	5.19240455062e-05
1562	5.19240455062e-05
1563	5.19240455062e-05
1564	5.19240455062e-05
1565	5.19240455062e-05
1566	5.19240455062e-05
1567	5.19240455062e-05
1568	5.19240455062e-05
1569	5.19240455062e-05
1570	5.19240455062e-05
1571	5.19240455062e-05
1572	5.19240455062e-05
1573	5.19240455062e-05
1574	5.19240455062e-05
1575	5.19240455062e-05
1576	5.19240455062e-05
1577	5.19240455062e-05
1578	5.19240455062e-05
1579	5.19240455062e-05
1580	5.19240455062e-05
1581	5.19240455062e-05
1582	5.19240455062e-05
1583	5.19240455062e-05
1584	5.19240455062e-05
1585	5.19240455062e-05
1586	5.19240455062e-05
1587	5.19240455062e-05
1588	5.19240455062e-05
1589	5.19240455062e-05
1590	5.19240455062e-05
1591	5.19240455062e-05
1592	5.19240455062e-05
1593	5.19240455062e-05
1594	5.19240455062e-05
1595	5.19240455062e-05
1596	5.19240455062e-05
1597	5.19240455062e-05
1598	5.19240455062e-05
1599	5.19240455062e-05
1600	5.19240455062e-05
1601	5.19240455062e-05
1602	5.19240455062e-05
1603	5.19240455062e-05
1604	5.19240455062e-05
1605	5.19240455062e-05
1606	5.19240455062e-05
1607	5.19240455062e-05
1608	5.19240455062e-05
1609	5.19240455062e-05
1610	5.19240455062e-05
1611	5.19240455062e-05
1612	5.19240455062e-05
1613	5.19240455062e-05
1614	5.19240455062e-05
1615	5.19240455062e-05
1616	5.19240455062e-05
1617	5.19240455062e-05
1618	5.19240455062e-05
1619	5.19240455062e-05
1620	5.19240455062e-05
1621	5.19240455062e-05
1622	5.19240455062e-05
1623	5.19240455062e-05
1624	5.19240455062e-05
1625	5.19240455062e-05
1626	5.19240455062e-05
1627	5.19240455062e-05
1628	5.19240455062e-05
1629	5.19240455062e-05
1630	5.19240455062e-05
1631	5.19240455062e-05
1632	5.19240455062e-05
1633	5.19240455062e-05
1634	5.19240455062e-05
1635	5.19240455062e-05
1636	5.19240455062e-05
1637	5.19240455062e-05
1638	5.19240455062e-05
1639	5.19240455062e-05
1640	5.19240455062e-05
1641	5.19240455062e-05
1642	5.19240455062e-05
1643	5.19240455062e-05
1644	5.19240455062e-05
1645	5.19240455062e-05
1646	5.19240455062e-05
1647	5.19240455062e-05
1648	5.19240455062e-05
1649	5.19240455062e-05
1650	5.19240455062e-05
1651	5.19240455062e-05
1652	5.19240455062e-05
1653	5.19240455062e-05
1654	5.19240455062e-05
1655	5.19240455062e-05
1656	5.19240455062e-05
1657	5.19240455062e-05
1658	5.19240455062e-05
1659	5.19240455062e-05
1660	5.19240455062e-05
1661	5.19240455062e-05
1662	5.19240455062e-05
1663	5.19240455062e-05
1664	5.19240455062e-05
1665	5.19240455062e-05
1666	5.19240455062e-05
1667	5.19240455062e-05
1668	5.19240455062e-05
1669	5.19240455062e-05
1670	5.19240455062e-05
1671	5.19240455062e-05
1672	5.19240455062e-05
1673	5.19240455062e-05
1674	5.19240455062e-05
1675	5.19240455062e-05
1676	5.19240455062e-05
1677	5.19240455062e-05
1678	5.19240455062e-05
1679	5.19240455062e-05
1680	5.19240455062e-05
1681	5.19240455062e-05
1682	5.19240455062e-05
1683	5.19240455062e-05
1684	5.19240455062e-05
1685	5.19240455062e-05
1686	5.19240455062e-05
1687	5.19240455062e-05
1688	5.19240455062e-05
1689	5.19240455062e-05
1690	5.19240455062e-05
1691	5.19240455062e-05
1692	5.19240455062e-05
1693	5.19240455062e-05
1694	5.19240455062e-05
1695	5.19240455062e-05
1696	5.19240455062e-05
1697	5.19240455062e-05
1698	5.19240455062e-05
1699	5.19240455062e-05
1700	5.19240455062e-05
1701	5.19240455062e-05
1702	5.19240455062e-05
1703	5.19240455062e-05
1704	5.19240455062e-05
1705	5.19240455062e-05
1706	5.19240455062e-05
1707	5.19240455062e-05
1708	5.19240455062e-05
1709	5.19240455062e-05
1710	5.19240455062e-05
1711	5.19240455062e-05
1712	5.19240455062e-05
1713	5.19240455062e-05
1714	5.19240455062e-05
1715	5.19240455062e-05
1716	5.19240455062e-05
1717	5.19240455062e-05
1718	5.19240455062e-05
1719	5.19240455062e-05
1720	5.19240455062e-05
1721	5.19240455062e-05
1722	5.19240455062e-05
1723	5.19240455062e-05
1724	5.19240455062e-05
1725	5.19240455062e-05
1726	5.19240455062e-05
1727	5.19240455062e-05
1728	5.19240455062e-05
1729	5.19240455062e-05
1730	5.19240455062e-05
1731	5.19240455062e-05
1732	5.19240455062e-05
1733	5.19240455062e-05
1734	5.19240455062e-05
1735	5.19240455062e-05
1736	5.19240455062e-05
1737	5.19240455062e-05
1738	5.19240455062e-05
1739	4.67316409556e-05
1740	4.67316409556e-05
1741	4.67316409556e-05
1742	4.67316409556e-05
1743	4.67316409556e-05
1744	4.67316409556e-05
1745	4.67316409556e-05
1746	4.67316409556e-05
1747	4.67316409556e-05
1748	4.67316409556e-05
1749	4.67316409556e-05
1750	4.67316409556e-05
1751	4.67316409556e-05
1752	4.67316409556e-05
1753	4.67316409556e-05
1754	4.67316409556e-05
1755	4.67316409556e-05
1756	4.67316409556e-05
1757	4.67316409556e-05
1758	4.67316409556e-05
1759	4.67316409556e-05
1760	4.67316409556e-05
1761	4.67316409556e-05
1762	4.67316409556e-05
1763	4.67316409556e-05
1764	4.67316409556e-05
1765	4.67316409556e-05
1766	4.67316409556e-05
1767	4.67316409556e-05
1768	4.67316409556e-05
1769	4.67316409556e-05
1770	4.67316409556e-05
1771	4.67316409556e-05
1772	4.67316409556e-05
1773	4.67316409556e-05
1774	4.67316409556e-05
1775	4.67316409556e-05
1776	4.67316409556e-05
1777	4.67316409556e-05
1778	4.67316409556e-05
1779	4.67316409556e-05
1780	4.67316409556e-05
1781	4.67316409556e-05
1782	4.67316409556e-05
1783	4.67316409556e-05
1784	4.67316409556e-05
1785	4.67316409556e-05
1786	4.67316409556e-05
1787	4.67316409556e-05
1788	4.67316409556e-05
1789	4.67316409556e-05
1790	4.67316409556e-05
1791	4.67316409556e-05
1792	4.67316409556e-05
1793	4.67316409556e-05
1794	4.67316409556e-05
1795	4.67316409556e-05
1796	4.67316409556e-05
1797	4.67316409556e-05
1798	4.67316409556e-05
1799	4.67316409556e-05
1800	4.67316409556e-05
1801	4.67316409556e-05
1802	4.67316409556e-05
1803	4.67316409556e-05
1804	4.67316409556e-05
1805	4.67316409556e-05
1806	4.67316409556e-05
1807	4.67316409556e-05
1808	4.67316409556e-05
1809	4.67316409556e-05
1810	4.67316409556e-05
1811	4.67316409556e-05
1812	4.67316409556e-05
1813	4.67316409556e-05
1814	4.67316409556e-05
1815	4.67316409556e-05
1816	4.67316409556e-05
1817	4.67316409556e-05
1818	4.67316409556e-05
1819	4.67316409556e-05
1820	4.67316409556e-05
1821	4.67316409556e-05
1822	4.67316409556e-05
1823	4.67316409556e-05
1824	4.67316409556e-05
1825	4.67316409556e-05
1826	4.1539236405e-05
1827	4.1539236405e-05
1828	4.1539236405e-05
1829	4.1539236405e-05
1830	4.1539236405e-05
1831	4.1539236405e-05
1832	4.1539236405e-05
1833	4.1539236405e-05
1834	4.1539236405e-05
1835	4.1539236405e-05
1836	4.1539236405e-05
1837	4.1539236405e-05
1838	4.1539236405e-05
1839	4.1539236405e-05
1840	4.1539236405e-05
1841	4.1539236405e-05
1842	4.1539236405e-05
1843	3.63468318544e-05
1844	3.63468318544e-05
1845	3.63468318544e-05
1846	3.63468318544e-05
1847	3.63468318544e-05
1848	3.63468318544e-05
1849	3.63468318544e-05
1850	3.63468318544e-05
1851	3.63468318544e-05
1852	3.63468318544e-05
1853	3.63468318544e-05
1854	3.63468318544e-05
1855	3.63468318544e-05
1856	3.63468318544e-05
1857	3.63468318544e-05
1858	3.63468318544e-05
1859	3.63468318544e-05
1860	3.63468318544e-05
1861	3.63468318544e-05
1862	3.63468318544e-05
1863	3.63468318544e-05
1864	3.63468318544e-05
1865	3.63468318544e-05
1866	3.63468318544e-05
1867	3.63468318544e-05
1868	3.63468318544e-05
1869	3.63468318544e-05
1870	3.63468318544e-05
1871	3.63468318544e-05
1872	3.63468318544e-05
1873	3.63468318544e-05
1874	3.63468318544e-05
1875	3.63468318544e-05
1876	3.63468318544e-05
1877	3.63468318544e-05
1878	3.63468318544e-05
1879	3.63468318544e-05
1880	3.63468318544e-05
1881	3.63468318544e-05
1882	3.63468318544e-05
1883	3.63468318544e-05
1884	3.63468318544e-05
1885	3.63468318544e-05
1886	3.63468318544e-05
1887	3.63468318544e-05
1888	3.63468318544e-05
1889	3.63468318544e-05
1890	3.63468318544e-05
1891	3.63468318544e-05
1892	3.63468318544e-05
1893	3.63468318544e-05
1894	3.63468318544e-05
1895	3.63468318544e-05
1896	3.63468318544e-05
1897	3.63468318544e-05
1898	3.63468318544e-05
1899	3.63468318544e-05
1900	3.63468318544e-05
1901	3.63468318544e-05
1902	3.63468318544e-05
1903	3.63468318544e-05
1904	3.63468318544e-05
1905	3.63468318544e-05
1906	3.63468318544e-05
1907	3.63468318544e-05
1908	3.63468318544e-05
1909	3.63468318544e-05
1910	3.63468318544e-05
1911	3.63468318544e-05
1912	3.11544273037e-05
1913	3.11544273037e-05
1914	3.11544273037e-05
1915	3.11544273037e-05
1916	3.11544273037e-05
1917	3.11544273037e-05
1918	3.11544273037e-05
1919	3.11544273037e-05
1920	3.11544273037e-05
1921	3.11544273037e-05
1922	3.11544273037e-05
1923	3.11544273037e-05
1924	3.11544273037e-05
1925	3.11544273037e-05
1926	3.11544273037e-05
1927	3.11544273037e-05
1928	3.11544273037e-05
1929	3.11544273037e-05
1930	3.11544273037e-05
1931	3.11544273037e-05
1932	3.11544273037e-05
1933	3.11544273037e-05
1934	3.11544273037e-05
1935	3.11544273037e-05
1936	3.11544273037e-05
1937	3.11544273037e-05
1938	3.11544273037e-05
1939	3.11544273037e-05
1940	3.11544273037e-05
1941	3.11544273037e-05
1942	3.11544273037e-05
1943	3.11544273037e-05
1944	3.11544273037e-05
1945	3.11544273037e-05
1946	3.11544273037e-05
1947	3.11544273037e-05
1948	3.11544273037e-05
1949	3.11544273037e-05
1950	3.11544273037e-05
1951	3.11544273037e-05
1952	3.11544273037e-05
1953	3.11544273037e-05
1954	3.11544273037e-05
1955	3.11544273037e-05
1956	2.59620227531e-05
1957	2.59620227531e-05
1958	2.59620227531e-05
1959	2.59620227531e-05
1960	2.59620227531e-05
1961	2.59620227531e-05
1962	2.59620227531e-05
1963	2.59620227531e-05
1964	2.59620227531e-05
1965	2.59620227531e-05
1966	2.59620227531e-05
1967	2.59620227531e-05
1968	2.59620227531e-05
1969	2.59620227531e-05
1970	2.59620227531e-05
1971	2.59620227531e-05
1972	2.59620227531e-05
1973	2.59620227531e-05
1974	2.59620227531e-05
1975	2.59620227531e-05
1976	2.59620227531e-05
1977	2.59620227531e-05
1978	2.59620227531e-05
1979	2.59620227531e-05
1980	2.59620227531e-05
1981	2.59620227531e-05
1982	2.59620227531e-05
1983	2.59620227531e-05
1984	2.59620227531e-05
1985	2.59620227531e-05
1986	2.59620227531e-05
1987	2.59620227531e-05
1988	2.59620227531e-05
1989	2.59620227531e-05
1990	2.59620227531e-05
1991	2.59620227531e-05
1992	2.59620227531e-05
1993	2.59620227531e-05
1994	2.59620227531e-05
1995	2.59620227531e-05
1996	2.59620227531e-05
1997	2.59620227531e-05
1998	2.59620227531e-05
1999	2.59620227531e-05
2000	2.59620227531e-05
2001	2.59620227531e-05
2002	2.59620227531e-05
2003	2.59620227531e-05
2004	2.59620227531e-05
2005	2.59620227531e-05
2006	2.59620227531e-05
2007	2.59620227531e-05
2008	2.59620227531e-05
2009	2.59620227531e-05
2010	2.59620227531e-05
2011	2.59620227531e-05
2012	2.59620227531e-05
2013	2.59620227531e-05
2014	2.59620227531e-05
2015	2.59620227531e-05
2016	2.59620227531e-05
2017	2.59620227531e-05
2018	2.59620227531e-05
2019	2.59620227531e-05
2020	2.59620227531e-05
2021	2.59620227531e-05
2022	2.59620227531e-05
2023	2.59620227531e-05
2024	2.59620227531e-05
2025	2.59620227531e-05
2026	2.59620227531e-05
2027	2.59620227531e-05
2028	2.59620227531e-05
2029	2.59620227531e-05
2030	2.59620227531e-05
2031	2.59620227531e-05
2032	2.59620227531e-05
2033	2.59620227531e-05
2034	2.59620227531e-05
2035	2.59620227531e-05
2036	2.59620227531e-05
2037	2.59620227531e-05
2038	2.59620227531e-05
2039	2.59620227531e-05
2040	2.59620227531e-05
2041	2.59620227531e-05
2042	2.59620227531e-05
2043	2.59620227531e-05
2044	2.59620227531e-05
2045	2.59620227531e-05
2046	2.59620227531e-05
2047	2.59620227531e-05
2048	2.59620227531e-05
2049	2.59620227531e-05
2050	2.59620227531e-05
2051	2.59620227531e-05
2052	2.59620227531e-05
2053	2.59620227531e-05
2054	2.59620227531e-05
2055	2.59620227531e-05
2056	2.59620227531e-05
2057	2.59620227531e-05
2058	2.59620227531e-05
2059	2.59620227531e-05
2060	2.59620227531e-05
2061	2.59620227531e-05
2062	2.59620227531e-05
2063	2.59620227531e-05
2064	2.59620227531e-05
2065	2.59620227531e-05
2066	2.59620227531e-05
2067	2.59620227531e-05
2068	2.59620227531e-05
2069	2.59620227531e-05
2070	2.59620227531e-05
2071	2.59620227531e-05
2072	2.59620227531e-05
2073	2.59620227531e-05
2074	2.59620227531e-05
2075	2.59620227531e-05
2076	2.59620227531e-05
2077	2.59620227531e-05
2078	2.59620227531e-05
2079	2.59620227531e-05
2080	2.59620227531e-05
2081	2.59620227531e-05
2082	2.59620227531e-05
2083	2.59620227531e-05
2084	2.59620227531e-05
2085	2.59620227531e-05
2086	2.59620227531e-05
2087	2.07696182025e-05
2088	2.07696182025e-05
2089	2.07696182025e-05
2090	2.07696182025e-05
2091	2.07696182025e-05
2092	2.07696182025e-05
2093	2.07696182025e-05
2094	2.07696182025e-05
2095	2.07696182025e-05
2096	2.07696182025e-05
2097	2.07696182025e-05
2098	2.07696182025e-05
2099	2.07696182025e-05
2100	2.07696182025e-05
2101	2.07696182025e-05
2102	2.07696182025e-05
2103	2.07696182025e-05
2104	2.07696182025e-05
2105	2.07696182025e-05
2106	2.07696182025e-05
2107	2.07696182025e-05
2108	2.07696182025e-05
2109	2.07696182025e-05
2110	2.07696182025e-05
2111	2.07696182025e-05
2112	2.07696182025e-05
2113	2.07696182025e-05
2114	2.07696182025e-05
2115	2.07696182025e-05
2116	2.07696182025e-05
2117	2.07696182025e-05
2118	2.07696182025e-05
2119	2.07696182025e-05
2120	2.07696182025e-05
2121	2.07696182025e-05
2122	2.07696182025e-05
2123	2.07696182025e-05
2124	2.07696182025e-05
2125	2.07696182025e-05
2126	2.07696182025e-05
2127	2.07696182025e-05
2128	2.07696182025e-05
2129	2.07696182025e-05
2130	2.07696182025e-05
2131	2.07696182025e-05
2132	2.07696182025e-05
2133	2.07696182025e-05
2134	2.07696182025e-05
2135	2.07696182025e-05
2136	2.07696182025e-05
2137	2.07696182025e-05
2138	2.07696182025e-05
2139	2.07696182025e-05
2140	2.07696182025e-05
2141	2.07696182025e-05
2142	2.07696182025e-05
2143	2.07696182025e-05
2144	2.07696182025e-05
2145	2.07696182025e-05
2146	2.07696182025e-05
2147	2.07696182025e-05
2148	2.07696182025e-05
2149	2.07696182025e-05
2150	2.07696182025e-05
2151	2.07696182025e-05
2152	2.07696182025e-05
2153	2.07696182025e-05
2154	2.07696182025e-05
2155	2.07696182025e-05
2156	2.07696182025e-05
2157	2.07696182025e-05
2158	2.07696182025e-05
2159	2.07696182025e-05
2160	2.07696182025e-05
2161	2.07696182025e-05
2162	2.07696182025e-05
2163	2.07696182025e-05
2164	2.07696182025e-05
2165	2.07696182025e-05
2166	2.07696182025e-05
2167	2.07696182025e-05
2168	2.07696182025e-05
2169	2.07696182025e-05
2170	2.07696182025e-05
2171	2.07696182025e-05
2172	2.07696182025e-05
2173	2.07696182025e-05
2174	2.07696182025e-05
2175	2.07696182025e-05
2176	2.07696182025e-05
2177	2.07696182025e-05
2178	2.07696182025e-05
2179	2.07696182025e-05
2180	2.07696182025e-05
2181	2.07696182025e-05
2182	2.07696182025e-05
2183	2.07696182025e-05
2184	2.07696182025e-05
2185	2.07696182025e-05
2186	2.07696182025e-05
2187	2.07696182025e-05
2188	2.07696182025e-05
2189	2.07696182025e-05
2190	2.07696182025e-05
2191	2.07696182025e-05
2192	2.07696182025e-05
2193	2.07696182025e-05
2194	2.07696182025e-05
2195	2.07696182025e-05
2196	2.07696182025e-05
2197	2.07696182025e-05
2198	2.07696182025e-05
2199	2.07696182025e-05
2200	2.07696182025e-05
2201	2.07696182025e-05
2202	2.07696182025e-05
2203	2.07696182025e-05
2204	2.07696182025e-05
2205	2.07696182025e-05
2206	2.07696182025e-05
2207	2.07696182025e-05
2208	2.07696182025e-05
2209	2.07696182025e-05
2210	2.07696182025e-05
2211	2.07696182025e-05
2212	2.07696182025e-05
2213	2.07696182025e-05
2214	2.07696182025e-05
2215	2.07696182025e-05
2216	2.07696182025e-05
2217	2.07696182025e-05
2218	2.07696182025e-05
2219	2.07696182025e-05
2220	2.07696182025e-05
2221	2.07696182025e-05
2222	2.07696182025e-05
2223	2.07696182025e-05
2224	2.07696182025e-05
2225	2.07696182025e-05
2226	2.07696182025e-05
2227	2.07696182025e-05
2228	2.07696182025e-05
2229	2.07696182025e-05
2230	2.07696182025e-05
2231	2.07696182025e-05
2232	2.07696182025e-05
2233	2.07696182025e-05
2234	2.07696182025e-05
2235	2.07696182025e-05
2236	2.07696182025e-05
2237	2.07696182025e-05
2238	2.07696182025e-05
2239	2.07696182025e-05
2240	2.07696182025e-05
2241	2.07696182025e-05
2242	2.07696182025e-05
2243	2.07696182025e-05
2244	2.07696182025e-05
2245	2.07696182025e-05
2246	2.07696182025e-05
2247	2.07696182025e-05
2248	2.07696182025e-05
2249	2.07696182025e-05
2250	2.07696182025e-05
2251	2.07696182025e-05
2252	2.07696182025e-05
2253	2.07696182025e-05
2254	2.07696182025e-05
2255	2.07696182025e-05
2256	2.07696182025e-05
2257	2.07696182025e-05
2258	2.07696182025e-05
2259	2.07696182025e-05
2260	2.07696182025e-05
2261	2.07696182025e-05
2262	2.07696182025e-05
2263	2.07696182025e-05
2264	2.07696182025e-05
2265	2.07696182025e-05
2266	2.07696182025e-05
2267	2.07696182025e-05
2268	2.07696182025e-05
2269	2.07696182025e-05
2270	2.07696182025e-05
2271	2.07696182025e-05
2272	2.07696182025e-05
2273	2.07696182025e-05
2274	2.07696182025e-05
2275	2.07696182025e-05
2276	2.07696182025e-05
2277	2.07696182025e-05
2278	2.07696182025e-05
2279	2.07696182025e-05
2280	2.07696182025e-05
2281	2.07696182025e-05
2282	2.07696182025e-05
2283	2.07696182025e-05
2284	2.07696182025e-05
2285	2.07696182025e-05
2286	2.07696182025e-05
2287	2.07696182025e-05
2288	2.07696182025e-05
2289	2.07696182025e-05
2290	2.07696182025e-05
2291	2.07696182025e-05
2292	2.07696182025e-05
2293	2.07696182025e-05
2294	2.07696182025e-05
2295	2.07696182025e-05
2296	2.07696182025e-05
2297	2.07696182025e-05
2298	2.07696182025e-05
2299	2.07696182025e-05
2300	2.07696182025e-05
2301	2.07696182025e-05
2302	2.07696182025e-05
2303	2.07696182025e-05
2304	2.07696182025e-05
2305	2.07696182025e-05
2306	2.07696182025e-05
2307	2.07696182025e-05
2308	2.07696182025e-05
2309	2.07696182025e-05
2310	2.07696182025e-05
2311	2.07696182025e-05
2312	2.07696182025e-05
2313	2.07696182025e-05
2314	2.07696182025e-05
2315	2.07696182025e-05
2316	2.07696182025e-05
2317	2.07696182025e-05
2318	2.07696182025e-05
2319	2.07696182025e-05
2320	2.07696182025e-05
2321	2.07696182025e-05
2322	2.07696182025e-05
2323	2.07696182025e-05
2324	2.07696182025e-05
2325	2.07696182025e-05
2326	2.07696182025e-05
2327	2.07696182025e-05
2328	2.07696182025e-05
2329	2.07696182025e-05
2330	2.07696182025e-05
2331	2.07696182025e-05
2332	2.07696182025e-05
2333	2.07696182025e-05
2334	2.07696182025e-05
2335	2.07696182025e-05
2336	2.07696182025e-05
2337	2.07696182025e-05
2338	2.07696182025e-05
2339	2.07696182025e-05
2340	2.07696182025e-05
2341	2.07696182025e-05
2342	2.07696182025e-05
2343	2.07696182025e-05
2344	2.07696182025e-05
2345	2.07696182025e-05
2346	2.07696182025e-05
2347	2.07696182025e-05
2348	2.07696182025e-05
2349	2.07696182025e-05
2350	2.07696182025e-05
2351	2.07696182025e-05
2352	2.07696182025e-05
2353	2.07696182025e-05
2354	2.07696182025e-05
2355	2.07696182025e-05
2356	2.07696182025e-05
2357	2.07696182025e-05
2358	2.07696182025e-05
2359	2.07696182025e-05
2360	2.07696182025e-05
2361	2.07696182025e-05
2362	2.07696182025e-05
2363	2.07696182025e-05
2364	2.07696182025e-05
2365	2.07696182025e-05
2366	2.07696182025e-05
2367	2.07696182025e-05
2368	2.07696182025e-05
2369	2.07696182025e-05
2370	2.07696182025e-05
2371	2.07696182025e-05
2372	2.07696182025e-05
2373	2.07696182025e-05
2374	2.07696182025e-05
2375	2.07696182025e-05
2376	2.07696182025e-05
2377	2.07696182025e-05
2378	2.07696182025e-05
2379	2.07696182025e-05
2380	2.07696182025e-05
2381	2.07696182025e-05
2382	2.07696182025e-05
2383	2.07696182025e-05
2384	2.07696182025e-05
2385	2.07696182025e-05
2386	2.07696182025e-05
2387	2.07696182025e-05
2388	2.07696182025e-05
2389	2.07696182025e-05
2390	2.07696182025e-05
2391	2.07696182025e-05
2392	2.07696182025e-05
2393	2.07696182025e-05
2394	2.07696182025e-05
2395	2.07696182025e-05
2396	2.07696182025e-05
2397	2.07696182025e-05
2398	2.07696182025e-05
2399	2.07696182025e-05
2400	2.07696182025e-05
2401	2.07696182025e-05
2402	2.07696182025e-05
2403	2.07696182025e-05
2404	2.07696182025e-05
2405	2.07696182025e-05
2406	2.07696182025e-05
2407	2.07696182025e-05
2408	2.07696182025e-05
2409	2.07696182025e-05
2410	2.07696182025e-05
2411	2.07696182025e-05
2412	2.07696182025e-05
2413	2.07696182025e-05
2414	2.07696182025e-05
2415	2.07696182025e-05
2416	2.07696182025e-05
2417	2.07696182025e-05
2418	2.07696182025e-05
2419	2.07696182025e-05
2420	2.07696182025e-05
2421	2.07696182025e-05
2422	2.07696182025e-05
2423	2.07696182025e-05
2424	2.07696182025e-05
2425	2.07696182025e-05
2426	2.07696182025e-05
2427	2.07696182025e-05
2428	2.07696182025e-05
2429	2.07696182025e-05
2430	2.07696182025e-05
2431	2.07696182025e-05
2432	2.07696182025e-05
2433	2.07696182025e-05
2434	2.07696182025e-05
2435	2.07696182025e-05
2436	2.07696182025e-05
2437	2.07696182025e-05
2438	2.07696182025e-05
2439	2.07696182025e-05
2440	2.07696182025e-05
2441	2.07696182025e-05
2442	2.07696182025e-05
2443	2.07696182025e-05
2444	2.07696182025e-05
2445	2.07696182025e-05
2446	2.07696182025e-05
2447	2.07696182025e-05
2448	2.07696182025e-05
2449	2.07696182025e-05
2450	2.07696182025e-05
2451	2.07696182025e-05
2452	2.07696182025e-05
2453	2.07696182025e-05
2454	2.07696182025e-05
2455	2.07696182025e-05
2456	2.07696182025e-05
2457	2.07696182025e-05
2458	2.07696182025e-05
2459	2.07696182025e-05
2460	2.07696182025e-05
2461	2.07696182025e-05
2462	2.07696182025e-05
2463	2.07696182025e-05
2464	2.07696182025e-05
2465	2.07696182025e-05
2466	2.07696182025e-05
2467	2.07696182025e-05
2468	2.07696182025e-05
2469	2.07696182025e-05
2470	2.07696182025e-05
2471	2.07696182025e-05
2472	2.07696182025e-05
2473	2.07696182025e-05
2474	2.07696182025e-05
2475	2.07696182025e-05
2476	2.07696182025e-05
2477	2.07696182025e-05
2478	2.07696182025e-05
2479	2.07696182025e-05
2480	2.07696182025e-05
2481	2.07696182025e-05
2482	2.07696182025e-05
2483	2.07696182025e-05
2484	2.07696182025e-05
2485	2.07696182025e-05
2486	2.07696182025e-05
2487	2.07696182025e-05
2488	2.07696182025e-05
2489	2.07696182025e-05
2490	2.07696182025e-05
2491	2.07696182025e-05
2492	2.07696182025e-05
2493	2.07696182025e-05
2494	2.07696182025e-05
2495	2.07696182025e-05
2496	2.07696182025e-05
2497	2.07696182025e-05
2498	2.07696182025e-05
2499	2.07696182025e-05
2500	2.07696182025e-05
2501	2.07696182025e-05
2502	2.07696182025e-05
2503	2.07696182025e-05
2504	2.07696182025e-05
2505	2.07696182025e-05
2506	2.07696182025e-05
2507	2.07696182025e-05
2508	2.07696182025e-05
2509	2.07696182025e-05
2510	2.07696182025e-05
2511	2.07696182025e-05
2512	2.07696182025e-05
2513	2.07696182025e-05
2514	2.07696182025e-05
2515	2.07696182025e-05
2516	2.07696182025e-05
2517	2.07696182025e-05
2518	2.07696182025e-05
2519	2.07696182025e-05
2520	2.07696182025e-05
2521	2.07696182025e-05
2522	2.07696182025e-05
2523	2.07696182025e-05
2524	2.07696182025e-05
2525	2.07696182025e-05
2526	2.07696182025e-05
2527	2.07696182025e-05
2528	2.07696182025e-05
2529	2.07696182025e-05
2530	2.07696182025e-05
2531	2.07696182025e-05
2532	2.07696182025e-05
2533	2.07696182025e-05
2534	2.07696182025e-05
2535	2.07696182025e-05
2536	2.07696182025e-05
2537	2.07696182025e-05
2538	2.07696182025e-05
2539	2.07696182025e-05
2540	2.07696182025e-05
2541	2.07696182025e-05
2542	2.07696182025e-05
2543	2.07696182025e-05
2544	2.07696182025e-05
2545	2.07696182025e-05
2546	2.07696182025e-05
2547	2.07696182025e-05
2548	2.07696182025e-05
2549	2.07696182025e-05
2550	2.07696182025e-05
2551	2.07696182025e-05
2552	2.07696182025e-05
2553	2.07696182025e-05
2554	2.07696182025e-05
2555	2.07696182025e-05
2556	2.07696182025e-05
2557	2.07696182025e-05
2558	2.07696182025e-05
2559	2.07696182025e-05
2560	2.07696182025e-05
2561	2.07696182025e-05
2562	2.07696182025e-05
2563	2.07696182025e-05
2564	2.07696182025e-05
2565	2.07696182025e-05
2566	2.07696182025e-05
2567	2.07696182025e-05
2568	2.07696182025e-05
2569	2.07696182025e-05
2570	2.07696182025e-05
2571	2.07696182025e-05
2572	2.07696182025e-05
2573	2.07696182025e-05
2574	2.07696182025e-05
2575	2.07696182025e-05
2576	2.07696182025e-05
2577	2.07696182025e-05
2578	2.07696182025e-05
2579	2.07696182025e-05
2580	2.07696182025e-05
2581	2.07696182025e-05
2582	2.07696182025e-05
2583	2.07696182025e-05
2584	2.07696182025e-05
2585	2.07696182025e-05
2586	2.07696182025e-05
2587	2.07696182025e-05
2588	2.07696182025e-05
2589	2.07696182025e-05
2590	2.07696182025e-05
2591	2.07696182025e-05
2592	2.07696182025e-05
2593	2.07696182025e-05
2594	2.07696182025e-05
2595	2.07696182025e-05
2596	2.07696182025e-05
2597	2.07696182025e-05
2598	2.07696182025e-05
2599	2.07696182025e-05
2600	2.07696182025e-05
2601	2.07696182025e-05
2602	2.07696182025e-05
2603	2.07696182025e-05
2604	1.55772136519e-05
2605	1.55772136519e-05
2606	1.55772136519e-05
2607	1.55772136519e-05
2608	1.55772136519e-05
2609	1.55772136519e-05
2610	1.55772136519e-05
2611	1.55772136519e-05
2612	1.55772136519e-05
2613	1.55772136519e-05
2614	1.55772136519e-05
2615	1.55772136519e-05
2616	1.55772136519e-05
2617	1.55772136519e-05
2618	1.55772136519e-05
2619	1.55772136519e-05
2620	1.55772136519e-05
2621	1.55772136519e-05
2622	1.55772136519e-05
2623	1.55772136519e-05
2624	1.55772136519e-05
2625	1.55772136519e-05
2626	1.55772136519e-05
2627	1.55772136519e-05
2628	1.55772136519e-05
2629	1.55772136519e-05
2630	1.55772136519e-05
2631	1.55772136519e-05
2632	1.55772136519e-05
2633	1.55772136519e-05
2634	1.55772136519e-05
2635	1.55772136519e-05
2636	1.55772136519e-05
2637	1.55772136519e-05
2638	1.55772136519e-05
2639	1.55772136519e-05
2640	1.55772136519e-05
2641	1.55772136519e-05
2642	1.55772136519e-05
2643	1.55772136519e-05
2644	1.55772136519e-05
2645	1.55772136519e-05
2646	1.55772136519e-05
2647	1.55772136519e-05
2648	1.55772136519e-05
2649	1.55772136519e-05
2650	1.55772136519e-05
2651	1.55772136519e-05
2652	1.55772136519e-05
2653	1.55772136519e-05
2654	1.55772136519e-05
2655	1.55772136519e-05
2656	1.55772136519e-05
2657	1.55772136519e-05
2658	1.55772136519e-05
2659	1.55772136519e-05
2660	1.55772136519e-05
2661	1.55772136519e-05
2662	1.55772136519e-05
2663	1.55772136519e-05
2664	1.55772136519e-05
2665	1.55772136519e-05
2666	1.55772136519e-05
2667	1.55772136519e-05
2668	1.55772136519e-05
2669	1.55772136519e-05
2670	1.55772136519e-05
2671	1.55772136519e-05
2672	1.55772136519e-05
2673	1.55772136519e-05
2674	1.55772136519e-05
2675	1.55772136519e-05
2676	1.55772136519e-05
2677	1.55772136519e-05
2678	1.55772136519e-05
2679	1.55772136519e-05
2680	1.55772136519e-05
2681	1.55772136519e-05
2682	1.55772136519e-05
2683	1.55772136519e-05
2684	1.55772136519e-05
2685	1.55772136519e-05
2686	1.55772136519e-05
2687	1.55772136519e-05
2688	1.55772136519e-05
2689	1.55772136519e-05
2690	1.55772136519e-05
2691	1.55772136519e-05
2692	1.55772136519e-05
2693	1.55772136519e-05
2694	1.55772136519e-05
2695	1.55772136519e-05
2696	1.55772136519e-05
2697	1.55772136519e-05
2698	1.55772136519e-05
2699	1.55772136519e-05
2700	1.55772136519e-05
2701	1.55772136519e-05
2702	1.55772136519e-05
2703	1.55772136519e-05
2704	1.55772136519e-05
2705	1.55772136519e-05
2706	1.55772136519e-05
2707	1.55772136519e-05
2708	1.55772136519e-05
2709	1.55772136519e-05
2710	1.55772136519e-05
2711	1.55772136519e-05
2712	1.55772136519e-05
2713	1.55772136519e-05
2714	1.55772136519e-05
2715	1.55772136519e-05
2716	1.55772136519e-05
2717	1.55772136519e-05
2718	1.55772136519e-05
2719	1.55772136519e-05
2720	1.55772136519e-05
2721	1.55772136519e-05
2722	1.55772136519e-05
2723	1.55772136519e-05
2724	1.55772136519e-05
2725	1.55772136519e-05
2726	1.55772136519e-05
2727	1.55772136519e-05
2728	1.55772136519e-05
2729	1.55772136519e-05
2730	1.55772136519e-05
2731	1.55772136519e-05
2732	1.55772136519e-05
2733	1.55772136519e-05
2734	1.55772136519e-05
2735	1.55772136519e-05
2736	1.55772136519e-05
2737	1.55772136519e-05
2738	1.55772136519e-05
2739	1.55772136519e-05
2740	1.55772136519e-05
2741	1.55772136519e-05
2742	1.55772136519e-05
2743	1.55772136519e-05
2744	1.55772136519e-05
2745	1.55772136519e-05
2746	1.55772136519e-05
2747	1.55772136519e-05
2748	1.55772136519e-05
2749	1.55772136519e-05
2750	1.55772136519e-05
2751	1.55772136519e-05
2752	1.55772136519e-05
2753	1.55772136519e-05
2754	1.55772136519e-05
2755	1.55772136519e-05
2756	1.55772136519e-05
2757	1.55772136519e-05
2758	1.55772136519e-05
2759	1.55772136519e-05
2760	1.55772136519e-05
2761	1.55772136519e-05
2762	1.55772136519e-05
2763	1.55772136519e-05
2764	1.55772136519e-05
2765	1.55772136519e-05
2766	1.55772136519e-05
2767	1.55772136519e-05
2768	1.55772136519e-05
2769	1.55772136519e-05
2770	1.55772136519e-05
2771	1.55772136519e-05
2772	1.55772136519e-05
2773	1.55772136519e-05
2774	1.55772136519e-05
2775	1.55772136519e-05
2776	1.55772136519e-05
2777	1.55772136519e-05
2778	1.55772136519e-05
2779	1.55772136519e-05
2780	1.55772136519e-05
2781	1.55772136519e-05
2782	1.55772136519e-05
2783	1.55772136519e-05
2784	1.55772136519e-05
2785	1.55772136519e-05
2786	1.55772136519e-05
2787	1.55772136519e-05
2788	1.55772136519e-05
2789	1.55772136519e-05
2790	1.55772136519e-05
2791	1.55772136519e-05
2792	1.55772136519e-05
2793	1.55772136519e-05
2794	1.55772136519e-05
2795	1.55772136519e-05
2796	1.55772136519e-05
2797	1.55772136519e-05
2798	1.55772136519e-05
2799	1.55772136519e-05
2800	1.55772136519e-05
2801	1.55772136519e-05
2802	1.55772136519e-05
2803	1.55772136519e-05
2804	1.55772136519e-05
2805	1.55772136519e-05
2806	1.55772136519e-05
2807	1.55772136519e-05
2808	1.55772136519e-05
2809	1.55772136519e-05
2810	1.55772136519e-05
2811	1.55772136519e-05
2812	1.55772136519e-05
2813	1.55772136519e-05
2814	1.55772136519e-05
2815	1.55772136519e-05
2816	1.55772136519e-05
2817	1.55772136519e-05
2818	1.55772136519e-05
2819	1.55772136519e-05
2820	1.55772136519e-05
2821	1.55772136519e-05
2822	1.55772136519e-05
2823	1.55772136519e-05
2824	1.55772136519e-05
2825	1.55772136519e-05
2826	1.55772136519e-05
2827	1.55772136519e-05
2828	1.55772136519e-05
2829	1.55772136519e-05
2830	1.55772136519e-05
2831	1.55772136519e-05
2832	1.55772136519e-05
2833	1.55772136519e-05
2834	1.55772136519e-05
2835	1.55772136519e-05
2836	1.55772136519e-05
2837	1.55772136519e-05
2838	1.55772136519e-05
2839	1.55772136519e-05
2840	1.55772136519e-05
2841	1.55772136519e-05
2842	1.55772136519e-05
2843	1.55772136519e-05
2844	1.55772136519e-05
2845	1.55772136519e-05
2846	1.55772136519e-05
2847	1.55772136519e-05
2848	1.55772136519e-05
2849	1.55772136519e-05
2850	1.55772136519e-05
2851	1.55772136519e-05
2852	1.55772136519e-05
2853	1.55772136519e-05
2854	1.55772136519e-05
2855	1.55772136519e-05
2856	1.55772136519e-05
2857	1.55772136519e-05
2858	1.55772136519e-05
2859	1.55772136519e-05
2860	1.55772136519e-05
2861	1.55772136519e-05
2862	1.55772136519e-05
2863	1.55772136519e-05
2864	1.55772136519e-05
2865	1.55772136519e-05
2866	1.55772136519e-05
2867	1.55772136519e-05
2868	1.55772136519e-05
2869	1.55772136519e-05
2870	1.55772136519e-05
2871	1.55772136519e-05
2872	1.55772136519e-05
2873	1.55772136519e-05
2874	1.55772136519e-05
2875	1.55772136519e-05
2876	1.55772136519e-05
2877	1.55772136519e-05
2878	1.55772136519e-05
2879	1.55772136519e-05
2880	1.55772136519e-05
2881	1.55772136519e-05
2882	1.55772136519e-05
2883	1.55772136519e-05
2884	1.55772136519e-05
2885	1.55772136519e-05
2886	1.55772136519e-05
2887	1.55772136519e-05
2888	1.55772136519e-05
2889	1.55772136519e-05
2890	1.55772136519e-05
2891	1.55772136519e-05
2892	1.55772136519e-05
2893	1.55772136519e-05
2894	1.55772136519e-05
2895	1.55772136519e-05
2896	1.55772136519e-05
2897	1.55772136519e-05
2898	1.55772136519e-05
2899	1.55772136519e-05
2900	1.55772136519e-05
2901	1.55772136519e-05
2902	1.55772136519e-05
2903	1.55772136519e-05
2904	1.55772136519e-05
2905	1.55772136519e-05
2906	1.55772136519e-05
2907	1.55772136519e-05
2908	1.55772136519e-05
2909	1.55772136519e-05
2910	1.55772136519e-05
2911	1.55772136519e-05
2912	1.55772136519e-05
2913	1.55772136519e-05
2914	1.55772136519e-05
2915	1.55772136519e-05
2916	1.55772136519e-05
2917	1.55772136519e-05
2918	1.55772136519e-05
2919	1.55772136519e-05
2920	1.55772136519e-05
2921	1.55772136519e-05
2922	1.55772136519e-05
2923	1.55772136519e-05
2924	1.55772136519e-05
2925	1.55772136519e-05
2926	1.55772136519e-05
2927	1.55772136519e-05
2928	1.55772136519e-05
2929	1.55772136519e-05
2930	1.55772136519e-05
2931	1.55772136519e-05
2932	1.55772136519e-05
2933	1.55772136519e-05
2934	1.55772136519e-05
2935	1.55772136519e-05
2936	1.55772136519e-05
2937	1.55772136519e-05
2938	1.55772136519e-05
2939	1.55772136519e-05
2940	1.55772136519e-05
2941	1.55772136519e-05
2942	1.55772136519e-05
2943	1.55772136519e-05
2944	1.55772136519e-05
2945	1.55772136519e-05
2946	1.55772136519e-05
2947	1.55772136519e-05
2948	1.55772136519e-05
2949	1.55772136519e-05
2950	1.55772136519e-05
2951	1.55772136519e-05
2952	1.55772136519e-05
2953	1.55772136519e-05
2954	1.55772136519e-05
2955	1.55772136519e-05
2956	1.55772136519e-05
2957	1.55772136519e-05
2958	1.55772136519e-05
2959	1.55772136519e-05
2960	1.55772136519e-05
2961	1.55772136519e-05
2962	1.55772136519e-05
2963	1.55772136519e-05
2964	1.55772136519e-05
2965	1.55772136519e-05
2966	1.55772136519e-05
2967	1.55772136519e-05
2968	1.55772136519e-05
2969	1.55772136519e-05
2970	1.55772136519e-05
2971	1.55772136519e-05
2972	1.55772136519e-05
2973	1.55772136519e-05
2974	1.55772136519e-05
2975	1.55772136519e-05
2976	1.55772136519e-05
2977	1.55772136519e-05
2978	1.55772136519e-05
2979	1.55772136519e-05
2980	1.55772136519e-05
2981	1.55772136519e-05
2982	1.55772136519e-05
2983	1.55772136519e-05
2984	1.55772136519e-05
2985	1.55772136519e-05
2986	1.55772136519e-05
2987	1.55772136519e-05
2988	1.55772136519e-05
2989	1.55772136519e-05
2990	1.55772136519e-05
2991	1.55772136519e-05
2992	1.55772136519e-05
2993	1.55772136519e-05
2994	1.55772136519e-05
2995	1.55772136519e-05
2996	1.55772136519e-05
2997	1.55772136519e-05
2998	1.55772136519e-05
2999	1.55772136519e-05
3000	1.03848091012e-05
3001	1.03848091012e-05
3002	1.03848091012e-05
3003	1.03848091012e-05
3004	1.03848091012e-05
3005	1.03848091012e-05
3006	1.03848091012e-05
3007	1.03848091012e-05
3008	1.03848091012e-05
3009	1.03848091012e-05
3010	1.03848091012e-05
3011	1.03848091012e-05
3012	1.03848091012e-05
3013	1.03848091012e-05
3014	1.03848091012e-05
3015	1.03848091012e-05
3016	1.03848091012e-05
3017	1.03848091012e-05
3018	1.03848091012e-05
3019	1.03848091012e-05
3020	1.03848091012e-05
3021	1.03848091012e-05
3022	1.03848091012e-05
3023	1.03848091012e-05
3024	1.03848091012e-05
3025	1.03848091012e-05
3026	1.03848091012e-05
3027	1.03848091012e-05
3028	1.03848091012e-05
3029	1.03848091012e-05
3030	1.03848091012e-05
3031	1.03848091012e-05
3032	1.03848091012e-05
3033	1.03848091012e-05
3034	1.03848091012e-05
3035	1.03848091012e-05
3036	1.03848091012e-05
3037	1.03848091012e-05
3038	1.03848091012e-05
3039	1.03848091012e-05
3040	1.03848091012e-05
3041	1.03848091012e-05
3042	1.03848091012e-05
3043	1.03848091012e-05
3044	1.03848091012e-05
3045	1.03848091012e-05
3046	1.03848091012e-05
3047	1.03848091012e-05
3048	1.03848091012e-05
3049	1.03848091012e-05
3050	1.03848091012e-05
3051	1.03848091012e-05
3052	1.03848091012e-05
3053	1.03848091012e-05
3054	1.03848091012e-05
3055	1.03848091012e-05
3056	1.03848091012e-05
3057	1.03848091012e-05
3058	1.03848091012e-05
3059	1.03848091012e-05
3060	1.03848091012e-05
3061	1.03848091012e-05
3062	1.03848091012e-05
3063	1.03848091012e-05
3064	1.03848091012e-05
3065	1.03848091012e-05
3066	1.03848091012e-05
3067	1.03848091012e-05
3068	1.03848091012e-05
3069	1.03848091012e-05
3070	1.03848091012e-05
3071	1.03848091012e-05
3072	1.03848091012e-05
3073	1.03848091012e-05
3074	1.03848091012e-05
3075	1.03848091012e-05
3076	1.03848091012e-05
3077	1.03848091012e-05
3078	1.03848091012e-05
3079	1.03848091012e-05
3080	1.03848091012e-05
3081	1.03848091012e-05
3082	1.03848091012e-05
3083	1.03848091012e-05
3084	1.03848091012e-05
3085	1.03848091012e-05
3086	1.03848091012e-05
3087	1.03848091012e-05
3088	1.03848091012e-05
3089	1.03848091012e-05
3090	1.03848091012e-05
3091	1.03848091012e-05
3092	1.03848091012e-05
3093	1.03848091012e-05
3094	1.03848091012e-05
3095	1.03848091012e-05
3096	1.03848091012e-05
3097	1.03848091012e-05
3098	1.03848091012e-05
3099	1.03848091012e-05
3100	1.03848091012e-05
3101	1.03848091012e-05
3102	1.03848091012e-05
3103	1.03848091012e-05
3104	1.03848091012e-05
3105	1.03848091012e-05
3106	1.03848091012e-05
3107	1.03848091012e-05
3108	1.03848091012e-05
3109	1.03848091012e-05
3110	1.03848091012e-05
3111	1.03848091012e-05
3112	1.03848091012e-05
3113	1.03848091012e-05
3114	1.03848091012e-05
3115	1.03848091012e-05
3116	1.03848091012e-05
3117	1.03848091012e-05
3118	1.03848091012e-05
3119	1.03848091012e-05
3120	1.03848091012e-05
3121	1.03848091012e-05
3122	1.03848091012e-05
3123	1.03848091012e-05
3124	1.03848091012e-05
3125	1.03848091012e-05
3126	1.03848091012e-05
3127	1.03848091012e-05
3128	1.03848091012e-05
3129	1.03848091012e-05
3130	1.03848091012e-05
3131	1.03848091012e-05
3132	1.03848091012e-05
3133	1.03848091012e-05
3134	1.03848091012e-05
3135	1.03848091012e-05
3136	1.03848091012e-05
3137	1.03848091012e-05
3138	1.03848091012e-05
3139	1.03848091012e-05
3140	1.03848091012e-05
3141	1.03848091012e-05
3142	1.03848091012e-05
3143	1.03848091012e-05
3144	1.03848091012e-05
3145	1.03848091012e-05
3146	1.03848091012e-05
3147	1.03848091012e-05
3148	1.03848091012e-05
3149	1.03848091012e-05
3150	1.03848091012e-05
3151	1.03848091012e-05
3152	1.03848091012e-05
3153	1.03848091012e-05
3154	1.03848091012e-05
3155	1.03848091012e-05
3156	1.03848091012e-05
3157	1.03848091012e-05
3158	1.03848091012e-05
3159	1.03848091012e-05
3160	1.03848091012e-05
3161	1.03848091012e-05
3162	1.03848091012e-05
3163	1.03848091012e-05
3164	1.03848091012e-05
3165	1.03848091012e-05
3166	1.03848091012e-05
3167	1.03848091012e-05
3168	1.03848091012e-05
3169	1.03848091012e-05
3170	1.03848091012e-05
3171	1.03848091012e-05
3172	1.03848091012e-05
3173	1.03848091012e-05
3174	1.03848091012e-05
3175	1.03848091012e-05
3176	1.03848091012e-05
3177	1.03848091012e-05
3178	1.03848091012e-05
3179	1.03848091012e-05
3180	1.03848091012e-05
3181	1.03848091012e-05
3182	1.03848091012e-05
3183	1.03848091012e-05
3184	1.03848091012e-05
3185	1.03848091012e-05
3186	1.03848091012e-05
3187	1.03848091012e-05
3188	1.03848091012e-05
3189	1.03848091012e-05
3190	1.03848091012e-05
3191	1.03848091012e-05
3192	1.03848091012e-05
3193	1.03848091012e-05
3194	1.03848091012e-05
3195	1.03848091012e-05
3196	1.03848091012e-05
3197	1.03848091012e-05
3198	1.03848091012e-05
3199	1.03848091012e-05
3200	1.03848091012e-05
3201	1.03848091012e-05
3202	1.03848091012e-05
3203	1.03848091012e-05
3204	1.03848091012e-05
3205	1.03848091012e-05
3206	1.03848091012e-05
3207	5.19240455062e-06
3208	5.19240455062e-06
3209	5.19240455062e-06
3210	5.19240455062e-06
3211	5.19240455062e-06
3212	5.19240455062e-06
3213	5.19240455062e-06
3214	5.19240455062e-06
3215	5.19240455062e-06
3216	5.19240455062e-06
3217	5.19240455062e-06
3218	5.19240455062e-06
3219	5.19240455062e-06
3220	5.19240455062e-06
3221	5.19240455062e-06
3222	5.19240455062e-06
3223	5.19240455062e-06
3224	5.19240455062e-06
3225	5.19240455062e-06
3226	5.19240455062e-06
3227	5.19240455062e-06
3228	5.19240455062e-06
3229	5.19240455062e-06
3230	5.19240455062e-06
3231	5.19240455062e-06
3232	5.19240455062e-06
3233	5.19240455062e-06
3234	5.19240455062e-06
3235	5.19240455062e-06
3236	5.19240455062e-06
3237	5.19240455062e-06
3238	5.19240455062e-06
3239	5.19240455062e-06
3240	5.19240455062e-06
3241	5.19240455062e-06
3242	5.19240455062e-06
3243	5.19240455062e-06
3244	5.19240455062e-06
3245	5.19240455062e-06
3246	5.19240455062e-06
3247	5.19240455062e-06
3248	5.19240455062e-06
3249	5.19240455062e-06
3250	5.19240455062e-06
3251	5.19240455062e-06
3252	5.19240455062e-06
3253	5.19240455062e-06
3254	5.19240455062e-06
3255	5.19240455062e-06
3256	5.19240455062e-06
3257	5.19240455062e-06
3258	5.19240455062e-06
3259	5.19240455062e-06
3260	5.19240455062e-06
3261	5.19240455062e-06
3262	5.19240455062e-06
3263	5.19240455062e-06
3264	5.19240455062e-06
3265	5.19240455062e-06
3266	5.19240455062e-06
3267	5.19240455062e-06
3268	5.19240455062e-06
3269	5.19240455062e-06
3270	5.19240455062e-06
3271	5.19240455062e-06
3272	5.19240455062e-06
